Webots Project File version R2025a
perspectives: 000000ff00000000fd0000000200000001000001e2000003effc0200000002fb0000001a0043006f006e0073006f006c00650041006c006c0041006c006c0100000015000002510000003900fffffffb0000001400540065007800740045006400690074006f007201000002680000019c0000008400ffffff0000000300000780000000dafc0100000001fb0000000e0043006f006e0073006f006c006501000000000000073f00000000000000000000059c000003ef00000001000000020000000100000008fc00000000
simulationViewPerspectives: 000000ff00000001000000020000011c000004350100000002010000000101
sceneTreePerspectives: 000000ff00000001000000030000001e000000c0000000fa0100000002010000000201
minimizedPerspectives: 000000ff00000000fd00000002000000010000022b00000313fc0200000001fb0000001400540065007800740045006400690074006f00720100000015000003130000008500ffffff0000000300000780000000dafc0100000002fb0000000e0043006f006e0073006f006c006501000000000000073f0000000000000000fb0000001a0043006f006e0073006f006c00650041006c006c0041006c006c0100000000000007800000006900ffffff000005530000031300000001000000020000000100000008fc00000000
maximizedDockId: -1
centralWidgetVisible: 1
projectionMode: PERSPECTIVE
orthographicViewHeight: 15.935
textFiles: 0 "controllers/robot_controller/robot_controller.c"
consoles: Console:All:All
renderingDevicePerspectives: Pioneer 3-DX:kinect color;0;1;0.0712136;0.131937
renderingDevicePerspectives: Pioneer 3-DX:kinect range;0;1;0;0.0517986
